5045
5046
5047
5200
5218
5219
5221
5223
5225
5226
5226
5226
5228
5229
5230
5230
5230
5231
5231
5232
5232
5233
5233
5234
5234
5234
5234
5235
5235
5235
5236
5236
5236
5236
5236
5237
5237
5237
5238
5238
5238
5238
5238
5238
5238
5238
5239
5239
5239
5239
5239
5240
5240
5240
5241
5241
5241
5241
5241
5242
5244
5244
5244
5244
5245
5245
5245
5246
5247
5247
5247
5247
5247
5247
5248
5248
5249
5249
5249
5249
5249
5250
5250
5250
5251
5251
5251
5252
5252
5252
5254
5255
5256
5256
5256
5257
5257
5258
5260
5260
5261
5261
5262
5262
5263
5263
5264
5264
5264
5265
5265
5265
5265
5265
5265
5267
5267
5267
5267
5268
5268
5268
5268
5269
5270
5270
5271
5271
5272
5273
5273
5273
5274
5274
5276
5276
5277
5278
5278
5278
5279
5279
5279
5280
5282
5282
5285
5285
5286
5286
5287
5287
5288
5293
5293
5294
5294
5295
5295
5297
5298
5303
5303
5313
5315
5319
5319
5321
5321
5325
5326
5327
5329
5329
5338
5339
5340
5344
5347
5348
5352
5353
5355
5358
5359
5360
5360
5365
5369
5371
5371
5381
5383
5408
5447
5452
5457
5686
5687
5732