5173
5486
5514
5543
5548
5549
5549
5551
5579
5580
5584
5587
5613
5649
5666
5667
5675
5676
5706
5711
5732
5743
5760
5766
5777
5779
5780
5788
5803
5807
5818
5823
5849
5902
5905
5925
5932
5972
5975
5977
5986
6016
6017
6025
6028
6028
6038
6038
6047
6054
6061
6071
6076
6092
6098
6101
6118
6127
6130
6131
6132
6140
6144
6146
6150
6154
6156
6159
6162
6171
6174
6176
6177
6178
6190
6192
6194
6206
6210
6211
6217
6220
6234
6235
6237
6238
6238
6244
6247
6257
6259
6260
6260
6262
6265
6266
6273
6279
6284
6290
6293
6300
6303
6309
6310
6310
6314
6314
6320
6323
6337
6337
6344
6346
6349
6350
6352
6355
6366
6366
6367
6368
6373
6391
6396
6409
6409
6410
6414
6424
6427
6428
6431
6440
6440
6441
6442
6462
6466
6469
6469
6471
6479
6487
6488
6488
6502
6506
6508
6520
6521
6529
6533
6534
6552
6553
6556
6558
6571
6583
6589
6592
6594
6594
6601
6608
6614
6622
6625
6626
6630
6631
6632
6641
6644
6655
6657
6664
6674
6676
6678
6683
6701
6702
6705
6725
6728
6734
6745
6750
6754
6758
6762
6766
6806
6902
6926
6987
7006
7245