5027
5028
5029
5029
5029
5029
5029
5030
5030
5030
5031
5031
5031
5031
5031
5031
5031
5031
5031
5031
5031
5031
5031
5031
5031
5031
5032
5032
5032
5032
5032
5032
5032
5032
5032
5032
5033
5033
5033
5033
5033
5033
5033
5033
5034
5034
5034
5034
5034
5034
5034
5034
5034
5034
5034
5034
5034
5034
5034
5034
5034
5034
5034
5034
5034
5034
5035
5035
5035
5035
5035
5035
5035
5035
5035
5035
5035
5035
5035
5035
5035
5035
5035
5035
5036
5036
5036
5036
5036
5036
5036
5036
5036
5036
5036
5036
5036
5036
5036
5036
5037
5037
5037
5037
5037
5037
5037
5037
5037
5037
5037
5037
5037
5038
5038
5038
5038
5038
5038
5038
5038
5038
5038
5038
5038
5039
5039
5039
5039
5039
5039
5040
5040
5040
5040
5040
5041
5041
5041
5042
5044
5046
5046
5047
5049
5049
5049
5050
5050
5050
5051
5051
5051
5052
5053
5053
5057
5060
5069
5084
5084
5084
5084
5085
5085
5086
5086
5089
5089
5090
5090
5091
5091
5091
5092
5093
5093
5093
5093
5093
5094
5095
5096
5096
5097
5098
5098
5098
5102
5548
5621
5730
5771
5814
5828
6138
6162
6194
6219
6285