5033
5033
5034
5034
5035
5035
5037
5104
5427
5496
5498
5503
5520
5532
5545
5556
5557
5561
5562
5605
5605
5608
5611
5613
5615
5622
5623
5631
5635
5638
5701
5701
5708
5717
5724
5740
5764
5781
5784
5791
5803
5811
5811
5826
5840
5855
5864
5883
5911
5916
5920
5921
5932
5943
5953
5953
5957
5971
5976
5981
5985
5990
5992
5995
5995
5998
6000
6010
6012
6018
6020
6020
6020
6021
6024
6030
6033
6034
6034
6038
6048
6051
6062
6074
6077
6082
6087
6093
6094
6097
6098
6098
6105
6106
6110
6112
6113
6116
6118
6121
6122
6123
6126
6130
6132
6133
6148
6151
6157
6157
6161
6163
6168
6177
6179
6184
6184
6191
6192
6206
6207
6209
6210
6212
6214
6215
6216
6223
6224
6224
6226
6226
6226
6227
6230
6232
6237
6243
6245
6251
6252
6256
6270
6277
6283
6287
6299
6302
6303
6311
6316
6317
6322
6323
6332
6334
6334
6343
6344
6344
6348
6349
6371
6392
6400
6401
6406
6433
6434
6444
6445
6455
6457
6477
6479
6481
6502
6504
6505
6533
6539
6551
6565
6598
6640
6644
6664
6678
6679
6679
6694
6707
6725
6733
6737
6739
6761
7001
7149
7274