5024
5025
5025
5025
5025
5025
5025
5025
5026
5026
5026
5026
5027
5027
5027
5027
5027
5027
5027
5027
5027
5027
5027
5027
5028
5028
5028
5028
5028
5028
5028
5028
5029
5029
5029
5029
5029
5029
5029
5029
5029
5029
5029
5029
5029
5029
5029
5029
5030
5030
5030
5030
5030
5030
5030
5030
5030
5030
5030
5030
5030
5030
5030
5030
5030
5030
5030
5030
5030
5030
5030
5030
5030
5030
5031
5031
5031
5031
5031
5031
5031
5031
5031
5031
5031
5031
5031
5031
5031
5031
5031
5031
5032
5032
5032
5032
5032
5032
5032
5032
5032
5032
5032
5033
5033
5033
5033
5033
5034
5034
5034
5034
5034
5034
5034
5034
5034
5035
5035
5035
5036
5037
5038
5038
5038
5039
5039
5040
5040
5043
5044
5044
5046
5046
5047
5048
5052
5052
5054
5054
5055
5055
5057
5059
5062
5064
5065
5071
5071
5073
5073
5074
5076
5077
5078
5078
5090
5093
5094
5106
5111
5111
5119
5214
5426
5467
5481
5648
5678
5684
5714
5776
5811
5921
6006
6132
6217
6232
6262
6275
6302
6307
6330
6333
6338
6359
6406
6432
6470
6486
6511
6617
6639
6653
6665
6676
6789
6858
6963
6966