5047
5051
5051
5051
5051
5052
5052
5052
5053
5054
5054
5382
5383
5388
5395
5406
5406
5408
5409
5409
5410
5412
5413
5413
5413
5413
5414
5415
5415
5416
5416
5416
5418
5418
5419
5419
5420
5421
5423
5426
5427
5428
5429
5430
5430
5430
5430
5431
5431
5432
5432
5433
5434
5435
5436
5436
5437
5437
5437
5437
5437
5437
5437
5438
5438
5438
5438
5440
5440
5441
5441
5441
5443
5444
5444
5444
5446
5447
5447
5448
5448
5448
5448
5449
5450
5450
5450
5450
5450
5451
5451
5452
5453
5453
5453
5454
5454
5454
5455
5455
5456
5456
5456
5457
5457
5457
5458
5458
5459
5459
5460
5460
5460
5461
5461
5461
5461
5462
5463
5463
5463
5464
5464
5465
5466
5467
5467
5467
5467
5468
5468
5469
5471
5471
5471
5472
5472
5472
5472
5473
5473
5473
5473
5474
5475
5477
5477
5477
5477
5478
5478
5479
5479
5481
5481
5482
5483
5483
5484
5487
5487
5487
5489
5489
5490
5490
5490
5492
5493
5495
5496
5496
5503
5505
5511
5511
5512
5513
5515
5515
5518
5527
5527
5529
5531
5537
5539
5540
5553
5555
5562
5566
5573
5576
5632
5646
5655
5668
5726
5794