5044
5045
5045
5046
5046
5046
5047
5047
5047
5047
5047
5047
5048
5048
5048
5048
5048
5049
5049
5049
5049
5049
5049
5049
5049
5049
5049
5049
5050
5050
5050
5050
5050
5050
5050
5050
5050
5050
5050
5050
5050
5050
5050
5050
5050
5050
5050
5050
5050
5050
5051
5051
5051
5051
5051
5051
5051
5051
5051
5051
5051
5051
5051
5051
5051
5051
5051
5051
5051
5051
5051
5051
5051
5051
5051
5051
5051
5051
5051
5051
5052
5052
5052
5052
5052
5052
5052
5052
5052
5052
5052
5052
5052
5052
5052
5052
5052
5052
5052
5052
5052
5052
5052
5052
5052
5052
5053
5053
5053
5053
5053
5053
5053
5053
5053
5053
5053
5053
5053
5053
5053
5053
5053
5053
5053
5053
5053
5053
5053
5053
5053
5053
5053
5053
5054
5054
5054
5054
5054
5054
5054
5054
5054
5054
5054
5054
5054
5054
5054
5054
5054
5054
5055
5055
5055
5055
5055
5055
5055
5055
5055
5055
5055
5055
5055
5055
5055
5055
5055
5055
5055
5055
5055
5055
5056
5056
5056
5056
5056
5056
5056
5056
5056
5057
5057
5057
5057
5057
5058
5058
5060
5061
5061
5061
5062
5068
5073
5078
5095
5423